51945422500 
52012052000 
52078681500 
52161968000 
52228458000 
52295087500 
52411689500 
52478319000 
52544948500 
52611578500 
52711523500 
52778152500 
52844782000 
52911411500 
52994699000 
53061328500 
53127959000 
53211245500 
53311190000 
53377819500 
53444449000 
53511079500 
53594365500 
53677654000 
53744282999 
53810912000 
53894198500 
53960829000 
54044116000 
54110746500 
54210690500 
54277320500 
54343949500 
54410579000 
54493866499 
54560496000 
54643783000 
54727070000 
54793699000 
54876986500 
54943616000 
55026903500 
55093533000 
55176820000 
55243449999 
55343395000 
55410024000 
55476653500 
55543283000 
55643228000 
55709857000 
55776487000 
55843116000 
55926403500 
56009690500 
56076320500 
56142950000 
56226237500 
56292867000 
56359496000 
56476098500 
56542728000 
56609357500 
56675987000 
56759274000 
56825903500 
56892533500 
56975820500 
57059108000 
57125738000 
57209024500 
57275654000 
57358941000 
57442228500 
57508857500 
57575487500 
57658775000 
57742061500 
57808691500 
57875320500 
57975265500 
58041897000 
58108526000 
58175154500 
58258441000 
58341728500 
58408358500 
58491645000 
58574932000 
58641562500 
58708191500 
58808137000 
58874766000 
58941395500 
59008025000 
59091312000 
59157942000 
59224571499 
59291201000 
59391146000 
59457774500 
59524404500 
59591034000 
59707636000 
59774266000 
59840895500 
59907525500 
59990812500 
60058566000 
60141853500 
60208482500 
60308426499 
60375057500 
60441686500 
60541630999 
60608260500 
60674890500 
60741521500 
60841464000 
60908094500 
60974724000 
61041353500 
61124641000 
61191270000 
61257900000 
61374501500 
61441131999 
61507761000 
61574390500 
61657678000 
61724306999 
61790936500 
61857566500 
61974168500 
62040798500 
62107428500 
62174057000 
62257344000 
62340631500 
62407261000 
62507205500 
62573835000 
62640465500 
62707094500 
62790381500 
62857011500 
62940298500 
63006928000 
63090215000 
63156845000 
63240131500 
63306761500 
63406706000 
63473336000 
63539965000 
63606595000 
63706539500 
63773168999 
63839798000 
63906428500 
63989715500 
64073002000 
64139633000 
64206262000 
64289548499 
64356178500 
64439465500 
64522752499 
64589382000 
64656011500 
64739298499 
64822585500 
64905873000 
64972502999 
65039132499 
65139077000 
65205705999 
65272335999 
65338965000 
65438909999 
65505540000 
65572169000 
65638799000 
65738743500 
65805373000 
65872002500 
65938632000 
66021919499 
66105206500 
66171836000 
66238465999 
66338410500 
66405040500 
66471669999 
66538299499 
66621586500 
66688216000 
66771502999 
66854789999 
66921419500 
66988049500 
67071337000 
67171280999 
67237911000 
67304540500 
67371170500 
67454457000 
67521086499 
67604374000 
67671003500 
67769632000 
67836261000 
67902891500 
67969521000 
68069465500 
68136095500 
68202724499 
68302669000 
68369298500 
68435927999 
68502557499 
68602502500 
68669133000 
68735761500 
68802391500 
68885678500 
68968965500 
69035595500 
69102225000 
69185512000 
69252141000 
69335428500 
69402058500 
69502002500 
69568632500 
69635262500 
69701891499 
69818493500 
69885122500 
69951752500 
70018383000 
70101668999 
70168300500 
70234929000 
70301558500 
70401502999 
70468132500 
70534762000 
70601392000 
70701336500 
70767966000 
70834595500 
70934540500 
71001169500 
71067799500 
71134429000 
71234373000 
71301003000 
71367633500 
71434262499 
71517549500 
71600835999 
71667467000 
71734096000 
71834039999 
71900669999 
71967300000 
72033929500 
72133874499 
72200503500 
72267133000 
72333762500 
72433708000 
72500337000 
72566966500 
72650254000 
72716883000 
72800170500 
72866800000 
72950086500 
73033374000 
73100004500 
73166634000 
73266578000 
73333208000 
73399837499 
73466466500 
73549754000 
73633041499 
73699670500 
73766300500 
73849587500 
73916217000 
73999504500 
74066133500 
74149421500 
74232707500 
74299338000 
74365967000 
74465911500 
74532541500 
74599170500 
74665800499 
74765745000 
74832374500 
74899003999 
74965634000 
75048921000 
75115550500 
75198838000 
75298782499 
75365411999 
75432041500 
75498671000 
75598615500 
75665245000 
75731875000 
75798504000 
75881791500 
75948421000 
76015051000 
76098338000 
76198282500 
76264912000 
76331541500 
76398955500 
76499683000 
76566313000 
76666257500 
76732887500 
76799517000 
76916119000 
76999406499 
77066035500 
77132666000 
77215953000 
77282583000 
77349212000 
77415841000 
77499129000 
77565758500 
77632387999 
77715675000 
77798961999 
77865591500 
77932221500 
78032165499 
78098795000 
78165425500 
78232054500 
78315342000 
78381971500 
78515230500 
78581860000 
78665148000 
78781748999 
78865036500 
78931666000 
78998295500 
79064927000 
79131555999 
79198184500 
79281472000 
79348101000 
79414731000 
79498018000 
79581304500 
79647935500 
79731222000 
79797851000 
79881138000 
79947768000 
80031055500 
80097685000 
80197629500 
80264258500 
80330889000 
80397517999 
80497462500 
80564091999 
80630721999 
80697351500 
80780638500 
80847268000 
80913897500 
80997185500 
81080472000 
81147102500 
81230388500 
81297018500 
81396963500 
81463592500 
81530222500 
81596851500 
81696796500 
81763426000 
81830054999 
81930000000 
81996629000 
82063259500 
82129889499 
82229833500 
82296462999 
82363093499 
82429722000 
82513009500 
82579639000 
82662926500 
82729556500 
82829500000 
82896129500 
82962760000 
83029389000 
83112675500 
83179306000 
83245935500 
83329222500 
83412510500 
83495797000 
83562425999 
83629055999 
83712343500 
83778972500 
83862260499 
83960704000 
84027333000 
84093963500 
84160593000 
84260537000 
84327167000 
84393797000 
84460427500 
84560370500 
84627000500 
84693630000 
84760259499 
84860204000 
84926834000 
84993462999 
85060093000 
85143380000 
85226666999 
85293297000 
85359926000 
85443213500 
85526500500 
85593130000 
85659760000 
85759705500 
85826333500 
85892963500 
85959593500 
86059538000 
86126167500 
86192797000 
86259426999 
86359372500 
86426001000 
86492630499 
86592575000 
86659205000 
86725834499 
86792464000 
86875751500 
86942381000 
87025668000 
87092297500 
87175585000 
87258871000 
87325501000 
87392132000 
87475418500 
87542047500 
87625335000 
87691964500 
87775252500 
87841881000 
87925168000 
87991798500 
88075084500 
88158372500 
88225001499 
88324946000 
88391575999 
88458205999 
88524835000 
88624779499 
88691409000 
88758039000 
88824668000 
88924613000 
88991243000 
89057872000 
89124501500 
89207788500 
89291076000 
89357705500 
89424335000 
89524279500 
89590909000 
89657539000 
89724168499 
89824113500 
89890743000 
89957371999 
90040660000 
90123946499 
90190576000 
90257206000 
90340492500 
90423780000 
90490409000 
90557039000 
90656983500 
90723613500 
90790243500 
90856872500 
90940159500 
91023447000 
91090077000 
91156706000 
91256650500 
91323280000 
91389910000 
91456539499 
91556484000 
91623114500 
91689743499 
91756373500 
91856050500 
91922413000 
91989043000 
92072330500 
92138959500 
92205589000 
92288876500 
92388821000 
92455450500 
92522079499 
92588709999 
92671996000 
92738626500 
92805256000 
92888542500 
92988487499 
93055117000 
93121746500 
93188376000 
93271663000 
93354950500 
93421580000 
93488210000 
93571497000 
93638127500 
93704756000 
93804701000 
93871330000 
93937960000 
94021246999 
94104533500 
94187821500 
94254450499 
94321080500 
94421023999 
94487654499 
94554284000 
94620913000 
94720858499 
94787487500 
94854117500 
94920747000 
95020692000 
95087321000 
95153951000 
95220580500 
95320525000 
95387155000 
95453785000 
95520413499 
95620358500 
95686988000 
95753619000 
95853562500 
95920192000 
95986821499 
96053451000 
96136738000 
96220025000 
96286655000 
96353285000 
96436572000 
96519859000 
96586488000 
96653118000 
96736404500 
96803035000 
96886321500 
96952951500 
97052895500 
97119526500 
97186155500 
97252784499 
97336072000 
97419358499 
97485987999 
97569275500 
97652562500 
97719192000 
97785822500 
97885766500 
97952396000 
98019026500 
98085655000 
98185600000 
98252229500 
98318859000 
98385489000 
98468776000 
98552063000 
98618693000 
98685322000 
98785267000 
98851896500 
98918526000 
98985155499 
99085100000 
99151731000 
99218359000 
99284989500 
99384933500 
99451563499 
99518193500 
99601479500 
99668109500 
99734739500 
99801369000 
99901314000 
99984600500 
100051230000
100117859500
100217804000
100285409000
100352038999
100418668000
100518611999
100585242000
100651872000
100718502000
100818446500
100885075000
100951705500
101018336000
101118279000
101184909000
101251538500
101334825500
101401455500
101468085000
101551372000
101634659000
101701289000
101767918000
101834548000
101951150000
102017779500
102084409000
102151040500
102250982999
102317613000
102384243000
102450872000
102534160000
102617446500
102684076000
102750705500
102850650500
102917280000
102983909500
103050539500
103133826000
103200455499
103283743500
103350372499
103433659499
103500289500
103583576500
103650206500
103750149999
103816780000
103883410500
103983353999
104049984500
104116613500
104183243000
104266530000
104349817500
104416447000
104483076000
104566363500
104649650500
104716280000
104782910500
104882854500
104949484500
105016114000
105116058500
105182688000
105249317499
105315947000
105415891500
105482520999
105549151000
105615781000
105699068500
105782355000
105848984500
105915614000
106015559000
106082188500
106148818500
106215447500
106315392000
106382022000
106448651500
106515281500
106615225500
106681855500
106748484499
106815114000
106898402000
106981688499
107048318500
107114948000
107214891999
107281522000
107348151500
107414781000
107514726000
107581355000
107647985000
107747929000
107814559000
107881188500
107947818500
108047763000
108114392500
108181022500
108247652000
108330938500
108414226000
108480854999
108580800000
108647429500
108714059499
108780689500
108880586000
108947215500
109013846000
109080475000
109163762000
109247049000
109313679000
109380308500
109463595500
109546882500
109613512500
109696799500
109780086000
109846716000
109913345000
109996633000
110079919499
110146550000
110213179000
110296466000
110379753500
110446383000
110513012500
110612957000
110679587000
110746216000
110812846500
110896133000
110979420000
111046050000
111112679500
111212624000
111279253000
111345883500
111412513500
111512457500
111579087500
111645717000
111712346000
111812291000
111878919500
111945550000
112012179500
112095466500
112178753500
112245383500
112328671000
112395300000
112478587000
112545217000
112645161500
112711791500
112778420000
112845050000
112944995000
113011624500
113078254000
113144883999
113244828000
113311458500
113378087000
113444717000
113528004500
113594634000
113677921000
113744550500
113844495500
113911124500
113977754500
114044384500
114127671000
114210958000
114277588000
114344217500
114427504500
114510791500
114577421000
114644051500
114743995000
114810625000
114877254499
114960541500
115043829000
115110458999
115177088500
115260375000
115343662500
115410291500
115476921000
115576866000
115643496000
115710125500
115776755000
115876699000
115943329000
116009958500
116076588500
116176533000
116243162000
116309792000
116376421499
116476366500
116542996000
116609625500
116692912500
116776199499
116842829000
116909459000
116992745500
117076032500
117142663000
117209292000
117307905500
117374535000
117441165500
117507793999
117591082000
117657712000
117740999000
117807628500
117890915000
117974202499
118040832000
118107461000
118207405999
118274035500
118340665000
118407295000
118490581500
118557211500
118623841000
118707129500
118807073000
118873702000
118940332000
119006962000
119090249000
119173536500
119240165500
119323453000
119406740000
119473369499
119539999500
119639943500
119706572999
119773203000
119839832000
119939777499
120006406500
120073036500
120139665500
120239611000
120306240000
120372870000
120439499000
120539444500
120606073500
120672703000
120739333499
120839277000
120905907000
120972535999
121039166500
121122453500
121189083500
121272370000
121339000000
121438943999
121505573500
121572203000
121655490500
121722120000
121788750499
121872037000
121971981500
122038611000
122105240500
122171872000
122271814500
122338444500
122405074000
122471702999
122554990500
122621620000
122704907499
122771537500
122854824000
122921453500
123004741000
123071370500
123154658000
123237944500
123304574000
123371204500
123454490500
123521120500
123604408000
123671037000
123770982000
123837611500
123904241000
123987528000
124054158500
124137445000
124204074499
124304019500
124370648499
124437278499
124503908500
124603851999
124670482999
124737112000
124803741000
124903686000
124970315500
125036945000
125120232500
125203519000
125270149000
125336778500
125436723000
125503353000
125569982000
125636612000
125720104500
125803392500
125870022000
125936651000
126019938000
126103225000
126169855000
126236483999
126336429500
126403058500
126469687999
126536318000
126636262499
126702891999
126769522000
126836151000
126936095500
127002725500
127069355000
127135985000
127235929500
127302559500
127369189500
127452475499
127535762000
127602392500
127669022500
127768966500
127835596000
127902225500
127968855499
128068800000
128135429999
128202059000
128268689000
128351975999
128435263000
128501892500
128568523000
128651809500
128718438999
128801726000
128868356500
128968301500
129034930500
129101559000
129168188999
129251476000
129334763500
129401392999
129501337000
129567967000
129634596499
129701226000
129801171000
129867799999
129934430000
130001060000
130084346999
130167634000
130234263000
130300893000
130400838000
130467467500
130534097000
130600726500
130700671000
130767300500
130833930000
130900559999
131000505000
131067134000
131133763999
131217050500
131300338000
131366967999
131433597500
131500227000
131583513999
131650144000
131716773499
131833374999
131900004500
131966634000
132033264000
132116552000
132199838000
132266468000
132333097500
132433042000
132499671500
132566301000
132632931499
132716217500
132799505000
132866134999
132932764000
133032709000
133099338499
133165968000
133232598000
133315885499
133382515000
133449143999
133532431000
133615718000
133699786500
133766416499
133833046000
133916333500
133999620000
134066250500
134149536500
134216166999
134299454000
134366083500
134449370499
134516000500
134599287500
134665917000
134765861000
134832491000
134899119999
134965750000
135065694500
135132324499
135198954500
135265583499
135348870499
135415500500
135482129999
135548760000
135648704000
135715333999
135798620500
135865250000
135965195000
136031824500
136098454000
136165083999
136248371000
136315000500
136398287999
136481574500
136564861500
136631491999
136698121000
136798065000
136864694999
136931325000
136997954499
137097898999
137164528500
137231158000
137297788000
137397732000
137464361500
137530991000
137597621500
137697565500
137764195000
137830825000
137914111500
137980741500
138047371500
138114001000
138213946000
138280575000
138363861999
138430492000
138513779000
138580408499
138647038000
138730325500
138830269999
138896899500
138963529000
139030159000
139113446000
139180076000
139263362500
139329992000
139429936500
139496566500
139563196000
139629825499
139729770000
139796399500
139863028999
139929659000
140029604000
140096233499
140162862500
140262807000
140329436999
140396066000
140462696000
140562640500
140629270500
140695900500
140762530000
140862474000
140929104500
140995733500
141062363000
141145650500
141212280000
141295567000
141362196499
141462141000
141528770000
141595400499
141678688000
141761974500
141828603999
141895233500
141961863500
142045150999
142111780000
142178409500
142295011500
142361641500
142428453500
142495083000
142595027500
142661657500
142728287000
142794916000
142894861500
142961490500
143028120000
143094750000
143194696000
143261324000
143327954500
143394582500
143494528000
143561157499
143627787500
143694417500
143794361499
143860991000
143927620500
144010908000
144094195000
144160824500
144227454500
144310741500
144377370999
144444000500
144510630000
144610574999
144693861500
144760491500
144827121000
144910408000
144977037500
145060325000
145126954500
145226899000
145293528499
145360158000
145426788000
145510075000
145576704500
145659991500
145743279000
145809908500
145893195000
145959825500
146043112000
146126399000
146193028500
146259658500
146342945999
146409575000
146476204500
146559491499
146642778500
146726066000
146792695499
146859325000
146959269500
147025898999
147092529000
147159158000
147242446000
147309075500
147392362500
147458992500
147558936500
147625566500
147692196500
147792140000
147858770000
147925399000
147992029000
148091974000
148158603000
148225233500
148291861999
148375150000
148441779500
148508409000
148591696500
148674983000
148758269999
148824900500
148891529500
148974817000
149041446500
149108075999
149191363500
149291308000
149357937500
149424567000
149524511000
149591141000
149657770000
149741057000
149857659500
149924289000
149990919500
150074205500
150157493000
150224122500
150290752000
150374038999
150440669000
150523956000
150590586000
150690356500
150756985999
150823616000
150890245000
150990189999
151056819500
151140107000
151206736500
151290023500
151373310500
151439940000
151506569500
151589857000
151656486500
151723116500
151806402500
151873032500
151939662500
152022949499
152106236500
152172866500
152239496000
152322783000
152406070500
152472700000
152555986500
152622616500
152705903499
152772533000
152839163000
152922450500
153022394500
153089024500
153155654500
153222284000
153322228500
153388857000
153455487500
153522116999
153605404000
153672034500
153755320499
153838607500
153921895000
153988524499
154055154000
154138441000
154205071500
154288357500
154354987500
154454932000
154521561500
154588191500
154654821000
154738107500
154821395000
154888024000
154954654500
155054598500
155121228500
155187858000
155254487999
155337775500
155421061500
155487690999
155570978500
155637608000
155720894999
155787525000
155887469000
155954099000
156020728500
156087358000
156170645499
156253932500
156320562000
156387191500
156487136500
156553766000
156620395500
156687025500
156770312000
156853599000
156920229000
156986858499
157086803000
157153432500
157220062499
157303350000
157386636000
157453266000
157519896000
157603183000
157669812499
157736442000
157819729000
157903015999
157986304000
158052932500
158119562500
158219508500
158286137000
158352766500
158452711000
158519340500
158585970500
158652600000
158735886500
158802516000
158886175499
158952805000
159019435500
159119378999
159186009000
159252638000
159352582999
159419213000
159485842500
159552472000
159635759000
159719046500
159785676000
159852305500
159935592499
160002222000
160085509000
160152138999
160252083500
160318713500
160385342499
160451972000
160551916500
160618546499
160685176000
160751805500
160835092500
160918380000
160985010000
161068296500
161151584000
161218214000
161284843500
161368130000
161451417000
161518046500
161584676500
161667963000
161734593000
161817880500
161884509499
161984455000
162051084000
162117713499
162184343000
162267630000
162350917499
162417547000
162484176500
162567464000
162634093500
