010042175000
010208749000
010275379000
010342007500
010375323000
010475268000
010541896999
010631791000
010698421500
010798365000
010864994500
010931624500
011031568500
011098198500
011164828000
011264772500
011298087500
011398032500
011497976000
011564605499
011631235499
011697866500
011764494500
011831124500
011931069000
011964383500
012097643000
012164273000
012264218000
012297532500
012364161500
012464106999
012530736000
012597366000
012697311000
012763939500
012797255000
012897199500
012963829000
013063773000
013097087500
013197033000
013296976500
013363606500
013430236000
013496865500
013596810500
013630125500
013730070000
013796699000
013896643999
013929958500
014029903000
014096533000
014196477000
014263107500
014296422000
014429680999
014496310500
014529626500
014629569500
014696200500
014762829499
014829458500
014929403000
015029347999
015095977000
015162607000
015229237000
015329181500
015395810999
015462441500
015529070000
015595700000
015662329500
015762274000
015828903500
015895533000
015995478500
016028792500
016162052000
016228681500
016261996000
016361941000
016428570999
016495200000
016595144500
016661774500
016761719000
016828348500
016894978000
016994923000
017061551999
017128181500
017161496499
017261440999
017361385500
017428015000
017461329499
017594590000
017627904500
017727848500
017827793000
017861107500
017927737999
017994368000
018094312000
018160941500
018260886000
018294201500
018402503000
018502447500
018535763000
018602392000
018702336500
018768966499
018835596000
018935540500
019002170000
019102114000
019168744000
019202058500
019302003000
019368633000
019435263000
019535206500
019601837000
019701781000
019768411000
019801726000
019901670000
019968300499
020068245000
020101559000
020201504000
020268133499
020368077500
020401392500
020534652000
020567967000
020634596500
020734541000
020834485500
020867801000
020934430000
021034374000
021101003500
021167633500
021267578000
021300893000
021434151999
021467467000
021567411500
021634041000
021700670500
021800615999
021867245000
021933875000
022033819000
022100448999
022167079000
022233708000
022300338500
022400282000
022466911500
022533541500
022600171000
022666801000
022766745000
022866690000
022900004500
022999949000
023066579000
023166522999
023199838000
023299782999
023366412000
023433041500
023532986000
023599615999
023666245500
023732876000
023799505000
023899449000
023966079500
024032708500
024132652999
024199282500
024265912000
024365857000
024432486500
024499116500
024565746000
024632375000
024732320000
024832264500
024865579000
024965524000
024998838499
025098782999
025198727500
025265356500
025298672000
025398617000
025465245500
025565191000
025631819999
025698449500
025765079000
025831709000
025931653500
025998283000
026064912500
026131543000
026231487000
026298116999
026398061000
026431376000
026531320500
026631265499
026664579500
026764524000
026831153500
026897784000
027002035499
027068664500
027101979500
027235239500
027301869000
027368498500
027401813000
027535073000
027601702000
027668332000
027701646500
027834906000
027868221000
027934851000
028034795000
028134739500
028201369000
028267999000
028334629000
028401258000
028467888000
028567832000
028634462000
028701092000
028767721000
028834350999
028934296000
029000925500
029067554500
029167499000
029267443999
029300758500
029400703000
029500647500
029533962000
029600592000
029667221500
029767165500
029867110500
029933740000
030000369499
030033684000
030166943500
030200258500
030300203500
030366832500
030466777000
030500092000
030600036500
030666667000
030733297000
030833240500
030899870000
030966500500
031066444000
031099758500
031166389000
031266333000
031332963000
031432907000
031499536500
031599482000
031632796499
031699425500
031799371000
031865999500
031932629500
031999260000
032099204000
032165833499
032232463499
032332408000
032399037000
032498981500
032532296500
032632241000
032698870500
032765500500
032832129500
032932074500
032965389000
033065333500
033131963499
033231907500
033298536999
033365167000
033465111999
033498427000
033598370500
033665001000
033731632000
033831575000
033898203500
033998148500
034064778500
034131408000
034198037499
034297981999
034364611500
034431241000
034497871000
034566809000
034666753500
034733383000
034833328000
034866643000
034966587000
035033216500
035099845500
035166475500
035233105500
035333050000
035399680500
035466309500
035566253500
035632883500
035699512999
035799458000
035866087000
035932717000
035999347000
036099290500
036165920500
036232550000
036299180000
036365809500
036465754000
036532383500
036599013500
036665643000
036765588000
036865532000
036932162000
036998791499
037065420500
037165365500
037231995000
037298625000
037365254000
037431884000
037498514000
037598458500
037665088000
037765032000
037798347500
037898291500
037964921000
038031550500
038098180000
038198125000
038264754500
038331384500
038431329000
038497957500
038597903000
038631218000
038731162000
038797792000
038897735500
038931051000
039030995500
039064311000
039197569500
039264199500
039297514000
039397459000
039497403000
039530719000
039597347500
039697292000
039797236999
039830552000
039930496000
039997125000
040063755000
040163700000
040230329500
040296959000
040363588500
040463532500
040496848000
040630107500
040663422000
040763367000
040829996500
040929941000
040996570000
041029886000
041129829500
041229774000
041296404500
041329718000
041429663000
041496292500
041562922000
041662866500
041729496500
041829440500
041862755500
042062645000
042195903500
042262533500
042329162500
042429107500
042462422500
042565129000
042631758500
042698388000
042798333000
042864962000
042931592000
042998221500
043064851000
043164795500
043231425000
043298055000
043364683500
043464629000
043564572999
043631202500
043664518000
043764463000
043864407000
043931036500
043964351500
044064296000
044164240500
044230869999
044297499500
044397444000
044430758500
044530703500
044597333000
044663963000
044730592500
044797222000
044897166500
044997111000
045030425500
045130370500
045197000500
045296944000
045330259000
045430204000
045496833000
045596778000
045663408000
045696721500
045796668000
045863296000
045929926000
045996556000
046096500000
046163129500
046229759000
046296389000
046396333999
046496278000
046562907500
046596222500
046729482000
046762797500
046862740500
046929371000
046996000000
047062629500
047195889000
047229203999
047329148500
047362463500
047462407500
047529037500
047628982000
047662296500
047762242000
047828871000
047928815500
047995444500
048062074500
048128705000
048228648500
048261963500
048361908000
048428537500
048528483000
048595112000
048661741500
048728371499
048795001000
048894945000
048961575000
049028204500
049128149000
049194779000
049294723000
049361352500
049394667999
049461297500
049561241500
049627871500
049727816000
049794446000
049861075500
049961020000
049994335000
050094279000
050160908500
050227538500
050294168000
050394113000
050460742000
050527371500
050594002000
050660631000
050760576000
050827204500
050898702500
050965333500
051098591500
051131907000
051231851500
051298480500
051365110500
051431739500
051531684999
051565000000
051698258500
051731574000
051798204000
051898148000
051998093499
052031407000
052131351500
052197981000
052264610500
052364555499
052397870000
052497815000
052597759000
052631074000
052697703500
052797648000
052864277500
052964222000
053030851500
053097481000
053197425500
053264055500
053330685000
053397315000
053463945000
053563889000
053630518500
053697148500
053763779000
053863722500
053930352000
053996981500
054063612000
054130241000
054230186000
054330130000
054363444500
054463389500
054530018999
054629964000
054663278500
054729908000
054829852500
054896482500
054963112000
055063056500
055129686000
055229630500
055296260500
055329575000
055429519000
055496149000
055596094500
055662723000
055729352500
055795982000
055895927000
055962557000
056029185999
056095815500
056195760000
056262390000
056329020000
056428964000
056462279500
056562223500
056628853000
056695482500
056795427000
056828742000
056962001000
056995316000
057061945500
057161890000
057228520500
057295149500
057395094500
057461723500
057528352999
057594983500
057694927000
057761557499
057828186500
057894816000
057961446000
058061391000
058128020000
058227965500
058294595500
058361223500
058461167500
058494482500
058594427500
058661057500
058727687000
058827631000
058894260500
058994205500
059060835000
059094149500
059194094500
059260723999
059327354500
059430469500
059497099000
059563728500
059630358500
059730303000
059796932999
059863563500
059930192000
060030136000
060096765500
060196710500
060230025000
060329970000
060396599500
060496543500
060563173500
060629803000
060696432500
060796377000
060863006999
060896322000
060996266000
061096210500
061162840000
061196155000
061329414000
061362729000
061429359000
061529303000
061595933000
061662563000
061729192000
061829136500
061895766000
061962396000
062029025500
062128970000
062228916000
062262229500
062362173500
062395488500
062528747500
062562063500
062628693000
062728637000
062795267500
062861896000
062961841000
063028469500
063128415000
063161729500
063261674500
063328304000
063394933500
063494878000
063528193000
063628137000
063694767000
063794712500
063861340500
063961285500
063994600000
064061229999
064161174500
064261119000
064294434499
064394378000
064494323500
064560952500
064627582000
064660896500
064760841000
064827471000
064894101000
064960729500
065060675000
065160619000
065193934000
065260564000
065360507500
065460453000
065493767500
065593712000
065660341500
065760286000
065793601999
065860231000
065960174499
066026804500
066093434000
066193378999
066260008500
066359952500
066393268000
066493212000
066593157000
066659786000
066726416500
066759731000
066892990000
066926305500
067026249000
067126194000
067159508500
067226138000
067326083000
067392712500
067492656999
067559287000
067592601500
067725860499
067759176000
067825805000
067928884499
067995515000
068095459000
068128773999
068228718000
068295348500
068395294000
068428607000
068495237000
068628496500
068695126000
068728440500
068828385000
068928330000
068994959500
069061589000
069128219500
069228163500
069261477500
069361422500
069428052000
069494681500
069561311000
069661255500
069727885500
069827829500
069861144500
069961089000
070027719000
070094349000
070194293500
070260923000
070327553500
070427496500
070460811500
070560756000
070660701000
070694015000
070760645000
070827274500
070960533500
070993849000
071093793000
071160423500
071227053000
071326997000
071360312000
071460257000
071526885500
071593516000
071660145500
071760089500
071860034000
071926663500
071993294000
072059923000
072159867500
072193182500
072293127000
072359756500
072426386000
072526330500
072559645500
072659590000
072726220000
072826164500
072859478500
072959424000
073026053000
073092682500
073192627500
073259257000
073359201500
073425830500
073459146000
073592405500
073625720000
073692349500
073792295500
073892238500
073958868000
074025498000
074058813000
074192072000
074225387500
074325331000
074391961000
074458590500
074525220000
074625164500
074691794000
074791740500
074858369000
074924998000
074991627500
075091572000
075158201500
075191516500
075291461000
075391406000
075424720500
075524665500
075591294500
075657924500
075757869000
075791184000
075891127500
075957757500
076057702500
076124332000
076224276000
076257591000
076327816500
076427759500
076494390000
076561019500
076660963500
076694278500
076827538000
076860852500
076960797500
076994111500
077127370500
077160685500
077227316000
077327260000
077427204500
077460520500
077527149000
077627094000
077693723000
077793667500
077893612000
077926927000
077993556500
078093500500
078160130500
078260074500
078293390000
078360020000
078459963500
078526593500
078593223000
078659853500
078759798000
078826427000
078926371500
078959686500
079059631000
079126261500
079192890000
079292834500
079359465000
079459409000
079526038500
079559353500
079659298000
079725928000
079792557000
079892501500
079992446000
080025760500
080125705000
080159020000
080292279000
080325594500
080392224000
080492168000
080558797500
080625427500
080725372499
080792002000
080858632000
080925260500
081025205500
081091835000
081191779500
081258409500
081291724000
081391668500
081458299000
081524928000
081624872000
081691501500
081758132000
081824761000
081891391000
081991335500
082057965000
082124595000
082191225000
082291169000
082357798500
082457743499
082491058000
082624317000
082657633000
082724261500
082824206000
082890835500
082990781000
083024094500
083124040000
083223984000
083290614500
083357243500
083423872500
083523817500
083590446500
083657076500
083690391500
083823651500
083856966000
083923596000
084023539500
084090169000
084156798500
084223429000
084360682500
084393998000
084493943000
084527257000
084660517000
084693831500
084760460999
084860405500
084927035000
084993665000
085093609000
085160239000
085260183500
085293498500
085393443000
085460073000
085560017000
085626646500
085659961500
085759905500
085826536500
085893165000
085993110000
086059740000
086159683500
086192999000
086292943000
086359572500
086459516500
086526147000
086559461500
086659406000
086726036000
086825982000
086892610000
086992554500
087025868500
087092498500
087192443500
087292388000
087359017000
087425647000
087458962000
087592222000
087658851000
087692165500
087792110500
087892054500
087925370500
087991999000
088091943500
088158573000
088225203499
088325147500
088391778000
088491721000
088558351000
088624981000
088691611000
088791554500
088824870000
088891499500
088991444000
089091388000
089124703000
089191333000
089291277500
089391223500
089457851000
089524481000
089591111000
089657741000
089724370000
089824315000
089890944500
089957573500
090024202500
090124147500
090190777500
090257407000
090324037000
090423981000
090523926500
090590555500
090623870000
090723815000
090790444000
090857074000
090923704000
091023647500
091090277500
091156907500
091223537000
091323481500
091423426000
091456741000
091523370500
091623315500
091723260000
091789889000
091823204500
091923149000
091989778000
092089722999
092123037500
092256297000
092289612000
092356242000
092456185500
092556130000
092589446000
092689389000
092756019000
092822649000
092889278500
092955908500
093060544500
093127173500
093193803500
093293748000
093360378000
093427007000
093526951500
093593581500
093660212000
093760155500
093793470500
093893415000
093993359500
094026673500
094126618500
094193248500
094259878000
094359822500
094426452000
094493082000
094559711499
094659655500
094692971000
094792915499
094892859500
094959489500
094992804000
095092748500
095192693000
095226008500
095325952500
095392582000
095492526500
095525841000
095592471000
095692415500
095759045000
095825676000
095925619000
095992248500
096092192500
096158822500
096225452500
096292082500
096358711500
096458657000
096525286000
096591916000
096658546000
096758490000
096791804500
096925064000
096958378500
097058323500
097124952500
097224897500
097291527000
097358156500
097424786500
097524731000
097591361000
097624676000
097724620000
097791250000
097857879000
097957823500
098057768000
098091083000
098157713000
098224342000
098324287000
098424231000
098457546000
098557490500
098624120000
098724065000
098790694000
098857324000
098923954000
098990583000
099090527500
099123842500
099257101500
099323731500
099357045500
099423676000
099556935000
099590250000
099690194000
099723510000
099856768500
099923399500
099990028000
100056657500
100156602499
100223232000
100256547000
100356490500
100456435500
100489751000
100589695000
100656325000
100722954500
100789583500
100856214000
100956158000
101022787500
101089417000
101189361500
101258467500
101325097000
101391726500
101491671000
101558301000
101658245000
101724875000
101824819000
101958079000
102024707500
102091338000
102157967500
102257912000
102324542500
102391171000
102457800500
102557745000
102624375000
102691005500
102757634500
102824264000
102890894000
103024152500
103090782500
103157412500
103190727000
103323986500
103357300500
103457245500
103523875000
103590504500
103657134500
103757078500
103823708500
103890338000
103956968000
104023598499
104123542000
104190172000
104256802000
104323431000
104423375500
104523319500
104589950000
104656579500
104756523500
104823154500
104856469000
104956412500
105023042500
105089672000
105189616500
105256245500
105356190500
105389506000
105489450000
105556080000
105656024000
105689339000
105755968500
105855913500
105922543000
105989172000
106089117500
106155747000
106222376500
106322320500
106388950000
106455582000
106555525000
106588839000
106688784000
106755413000
106855359000
106921988000
106988617000
107088561500
107155191000
107188506000
107288450500
107388395500
107455025000
107521654500
107554969000
107688229000
107721544000
107821488000
107854803500
107988061500
108054692000
108088006000
108187950500
108287895500
108321210500
108421154500
108487784000
108554413500
108621043500
108720988000
108787617500
108887562000
108920876500
109020821000
109087451000
109187395500
109254025000
109320655000
109391091500
109457721500
109524350500
109624296000
109690924500
109757554500
109824184000
109924129000
109990758500
110090702500
110124018500
110223962000
110290591500
110390537000
110457166000
110490480500
110623740000
110657055000
110757000000
110823629000
110923574000
110990203000
111056833500
111123463500
111190092000
111290036500
111356665500
111423296000
111489925500
111556555500
111656499500
111756444000
111789759000
111856389000
111956333000
112022962500
112122907500
112189536500
112256166500
112322796000
112389426000
112489369500
112555999500
112622630000
112689258500
112789204000
112855834500
112922463000
112989093000
113055722000
113155666500
113222297000
113322241000
113355556000
113455500000
113555444500
113588759500
113688704000
113755334000
113855279500
113888592500
113988538500
114055166500
114155112500
114188426000
114288371000
114355000500
114421630000
114521574500
114588204500
114654833500
114721464000
114821407500
114921352500
115054612500
115121242000
115187870500
115287815999
115354445000
115387760000
115487704500
115554334500
115654279500
115720908500
115820853000
115954112000
115987426500
116054056500
116087371500
116154001000
116220631000
116320575000
116420520000
116487149000
116520464500
116625227000
116725171500
116758486000
116825116000
116925061000
116991689500
117058319500
117158264000
117224893500
117324838000
117391467500
117458097500
117558042000
117591356500
117657986500
117757931500
117857875000
117891190000
117957820000
118057764500
118157708500
118224338500
118257653500
118357598000
118457542500
118524172000
118590802000
118657431500
118724061000
118790691000
118890635000
118957264500
119057210500
119123839000
119157153500
119257098500
119323728000
119390357999
119490302000
119556931500
119656876000
119690190500
119790136000
119856765000
119923395000
119990025000
120089969000
120156598500
120256543000
120289858000
120389802500
120489747500
120523062000
120589691500
120689636000
120756264500
120822894500
120922839500
120956155000
121089414000
121122728500
121222673000
121289302500
121355931500
121422562000
121522506000
121589136000
121655765500
121722395000
121822339500
121888969000
121955599000
122022228500
122122172500
122188802500
122288747000
122322062000
122422006500
122488636000
122555265500
122655211000
122688524500
122821784500
122855099500
122955044000
123021673500
123121618000
123154932500
123221562000
123321507000
123421451000
123488081000
123554710500
123621340000
123687969500
123754599500
123821228500
123921174000
123987804000
124087748500
124154378000
124254322500
124287637000
124387582000
124454210500
124520841000
124620785000
124654100500
124754044000
124853154500
124919784000
124953098500
125019728500
125152987500
125219618000
125286247000
125319562000
125452821500
125519450500
125586081500
125652710500
125752655500
125785970000
125885914500
125952543500
126019173000
126085803500
126185748000
126252377000
126352321500
126385636000
126485580500
126552210500
126618841000
126718785000
126785414000
126852044000
126951989000
127018618500
127085248000
127151877500
127218507000
127285138000
127385081000
127451710500
127518341999
127618285500
127684913999
127784859000
127851489000
127918118999
127984747500
128084692000
128151321500
128184637000
128284581000
128351210499
128417840500
128517785000
128584414999
128684359000
128717673999
128817618499
128917562999
128950877999
129017507500
129084137000
129184081499
129250712000
129350656500
129417285499
129483915500
129550546500
129650489000
129683804000
129817063500
129883693500
129950323000
